0 0.147907
1 0.147907
2 0.147907
3 0.155982
4 0.157706
5 0.157706
6 0.188429
7 0.188429
8 0.217282
9 0.235204
10 0.252536
11 0.252536
12 0.28321
13 0.317578
14 0.31935
15 0.31935
16 0.336484
17 0.396356
18 0.456228
19 0.45741
20 0.465977
21 0.514919
22 0.521713
23 0.521713
24 0.521713
25 0.535106
26 0.535106
27 0.535106
28 0.549483
29 0.591851
30 0.591851
31 0.591851
32 0.591851
33 0.591851
34 0.591851
35 0.591851
36 0.591851
37 0.634441
38 0.634441
39 0.634441
40 0.634441
41 0.634441
42 0.634441
43 0.719399
44 0.719399
45 0.719399
46 0.719399
47 0.719399
48 0.804579
49 0.846947
50 0.846947
51 0.931906
52 0.974495
53 0.974717
54 0.974717
55 0.97516
56 0.975382
57 0.975382
58 0.975382
59 0.975382
60 0.975382
61 0.975382
62 0.975382
63 0.975382
64 0.975382
65 0.975382
66 0.975382
67 0.975382
68 0.975382
69 0.975382
70 0.975382
71 0.975382
72 0.975382
73 0.975382
74 0.975382
75 0.975382
76 0.975382
77 0.975382
78 0.975382
79 0.975382
80 0.975382
81 0.975382
82 0.975382
83 0.975382
84 0.975382
85 0.975382
86 0.975382
87 0.975382
88 0.975382
89 0.975382
90 0.975382
91 0.975382
92 0.975382
93 0.975382
94 0.975382
95 0.975382
96 0.975382
97 0.975382
98 0.975382
99 0.975382
100 0.975382
101 0.975382
102 0.975382
103 0.975382
104 0.975382
105 0.975382
106 0.975382
107 0.975382
108 0.975382
109 0.975382
110 0.975382
111 0.975382
112 0.975382
113 0.975382
114 0.975382
115 0.975382
116 0.975382
117 0.975382
118 0.975382
119 0.975382
120 0.975382
121 0.975382
122 0.975382
123 0.975382
124 0.975382
125 0.975382
126 0.975382
127 0.975382
128 0.975382
129 0.975382
130 0.975382
131 0.975382
132 0.975382
133 0.975382
134 0.975382
135 0.975382
136 0.975382
137 0.975382
138 0.975382
139 0.975382
140 0.975382
141 0.975382
142 0.975382
143 0.975382
144 0.975382
145 0.975382
146 0.975382
147 0.975382
148 0.975382
149 0.975382
150 0.975382
151 0.975382
152 0.975382
153 0.975382
154 0.975382
155 0.975382
156 0.975382
157 0.975382
158 0.975382
159 0.975382
160 0.975382
161 0.975382
162 0.975382
163 0.975382
164 0.975382
165 0.975382
166 0.975382
167 0.975382
168 0.975382
169 0.975382
170 0.975382
171 0.975382
172 0.975382
173 0.975382
174 0.975382
175 0.975382
176 0.975382
177 0.975382
178 0.975382
179 0.975382
180 0.975382
181 0.975382
182 0.975382
183 0.975382
184 0.975382
185 0.975382
186 0.975382
187 0.975382
188 0.975382
189 0.975382
190 0.975382
191 0.975382
192 0.975382
193 0.975382
194 0.975382
195 0.975382
196 0.975382
197 0.975382
198 0.975382
199 0.975382
200 0.975382
201 0.975382
202 0.975382
203 0.975382
204 0.975382
205 0.975382
206 0.975382
207 0.975382
208 0.975382
209 0.975382
210 0.975382
211 0.975382
212 0.975382
213 0.975382
214 0.975382
215 0.975382
216 0.975382
217 0.975382
218 0.975382
219 0.975382
220 0.975382
221 0.975382
222 0.975382
223 0.975382
224 0.975382
225 0.975382
226 0.975382
227 0.975382
228 0.975382
229 0.975382
230 0.975382
231 0.975382
232 0.975382
233 0.975382
234 0.975382
235 0.975382
236 0.975382
237 0.975382
238 0.975382
239 0.975382
240 0.975382
241 0.975382
242 0.975382
243 0.975382
244 0.975382
245 0.975382
246 0.975382
247 0.975382
248 0.975382
249 0.975382
250 0.975382
251 0.975382
252 0.975382
253 0.975382
254 0.975382
255 0.975382
256 0.975382
257 0.975382
258 0.975382
259 0.975382
260 0.975382
261 0.975382
262 0.975382
263 0.975382
264 0.975382
265 0.975382
266 0.975382
267 0.975382
268 0.975382
269 0.975382
270 0.975382
271 0.975382
272 0.975382
273 0.975382
274 0.975382
275 0.975382
276 0.975382
277 0.975382
278 0.975382
279 0.975382
280 0.975382
281 0.975382
282 0.975382
283 0.975382
284 0.975382
285 0.975382
286 0.975382
287 0.975382
288 0.975382
289 0.975382
290 0.975382
291 0.975382
292 0.975382
293 0.975382
294 0.975382
295 0.975382
296 0.975382
297 0.975382
298 0.975382
299 0.975382
300 0.975382
301 0.975382
302 0.975382
303 0.975382
304 0.975382
305 0.975382
306 0.975382
307 0.975382
308 0.975382
309 0.975382
310 0.975382
311 0.975382
312 0.975382
313 0.975382
314 0.975382
315 0.975382
316 0.975382
317 0.975382
318 0.975382
319 0.975382
320 0.975382
321 0.975382
322 0.975382
323 0.975382
324 0.975382
325 0.975382
326 0.975382
327 0.975382
328 0.975382
329 0.975382
330 0.975382
331 0.975382
332 0.975382
333 0.975382
334 0.975382
335 0.975382
336 0.975382
337 0.975382
338 0.975382
339 0.975382
340 0.975382
341 0.975382
342 0.975382
343 0.975382
344 0.975382
345 0.975382
346 0.975382
347 0.975382
348 0.975382
349 0.975382
350 0.975382
351 0.975382
352 0.975382
353 0.975382
354 0.975382
355 0.975382
356 0.975382
357 0.975382
358 0.975382
359 0.975382
360 0.975382
361 0.975382
362 0.975382
363 0.975382
364 0.975382
365 0.975382
366 0.975382
367 0.975382
368 0.975382
369 0.975382
370 0.975382
371 0.975382
372 0.975382
373 0.975382
374 0.975382
375 0.975382
376 0.975382
377 0.975382
378 0.975382
379 0.975382
380 0.975382
381 0.975382
382 0.975382
383 0.975382
384 0.975382
385 0.975382
386 0.975382
387 0.975382
388 0.975382
389 0.975382
390 0.975382
391 0.975382
392 0.975382
393 0.975382
394 0.975382
395 0.975382
396 0.975382
397 0.975382
398 0.975382
399 0.975382
400 0.975382
401 0.975382
402 0.975382
403 0.975382
404 0.975382
405 0.975382
406 0.975382
407 0.975382
408 0.975382
409 0.975382
410 0.975382
411 0.975382
412 0.975382
413 0.975382
414 0.975382
415 0.975382
416 0.975382
417 0.975382
418 0.975382
419 0.975382
420 0.975382
421 0.975382
422 0.975382
423 0.975382
424 0.975382
425 0.975382
426 0.975382
427 0.975382
428 0.975382
429 0.975382
430 0.975382
431 0.975382
432 0.975382
433 0.975382
434 0.975382
435 0.975382
436 0.975382
437 0.975382
438 0.975382
439 0.975382
440 0.975382
441 0.975382
442 0.975382
443 0.975382
444 0.975382
445 0.975382
446 0.975382
447 0.975382
448 0.975382
449 0.975382
450 0.975382
451 0.975382
452 0.975382
453 0.975382
454 0.975382
455 0.975382
456 0.975382
457 0.975382
458 0.975382
459 0.975382
460 0.975382
461 0.975382
462 0.975382
463 0.975382
464 0.975382
465 0.975382
466 0.975382
467 0.975382
468 0.975382
469 0.975382
470 0.975382
471 0.975382
472 0.975382
473 0.975382
474 0.975382
475 0.975382
476 0.975382
477 0.975382
478 0.975382
479 0.975382
480 0.975382
481 0.975382
482 0.975382
483 0.975382
484 0.975382
485 0.975382
486 0.975382
487 0.975382
488 0.975382
489 0.975382
490 0.975382
491 0.975382
492 0.975382
493 0.975382
494 0.975382
495 0.975382
496 0.975382
497 0.975382
498 0.975382
499 0.975382
500 0.975382
501 0.975382
502 0.975382
503 0.975382
504 0.975382
505 0.975382
506 0.975382
507 0.975382
508 0.975382
509 0.975382
510 0.975382
511 0.975382
512 0.975382
513 0.975382
514 0.975382
515 0.975382
516 0.975382
517 0.975382
518 0.975382
519 0.975382
520 0.975382
521 0.975382
522 0.975382
523 0.975382
524 0.975382
525 0.975382
526 0.975382
527 0.975382
528 0.975382
529 0.975382
530 0.975382
531 0.975382
532 0.975382
533 0.975382
534 0.975382
535 0.975382
536 0.975382
537 0.975382
538 0.975382
539 0.975382
540 0.975382
541 0.975382
542 0.975382
543 0.975382
544 0.975382
545 0.975382
546 0.975382
547 0.975382
548 0.975382
549 0.975382
550 0.975382
551 0.975382
552 0.975382
553 0.975382
554 0.975382
555 0.975382
556 0.975382
557 0.975382
558 0.975382
559 0.975382
560 0.975382
561 0.975382
562 0.975382
563 0.975382
564 0.975382
565 0.975382
566 0.975382
567 0.975382
568 0.975382
569 0.975382
570 0.975382
571 0.975382
572 0.975382
573 0.975382
574 0.975382
575 0.975382
576 0.975382
577 0.975382
578 0.975382
579 0.975382
580 0.975382
581 0.975382
582 0.975382
583 0.975382
584 0.975382
585 0.975382
586 0.975382
587 0.975382
588 0.975382
589 0.975382
590 0.975382
591 0.975382
592 0.975382
593 0.975382
594 0.975382
595 0.975382
596 0.975382
597 0.975382
598 0.975382
599 0.975382
600 0.975382
601 0.975382
602 0.975382
603 0.975382
604 0.975382
605 0.975382
606 0.975382
607 0.975382
608 0.975382
609 0.975382
610 0.975382
611 0.975382
612 0.975382
613 0.975382
614 0.975382
615 0.975382
616 0.975382
617 0.975382
618 0.975382
619 0.975382
620 0.975382
621 0.975382
622 0.975382
623 0.975382
624 0.975382
625 0.975382
626 0.975382
627 0.975382
628 0.975382
629 0.975382
630 0.975382
631 0.975382
632 0.975382
633 0.975382
634 0.975382
635 0.975382
636 0.975382
637 0.975382
638 0.975382
639 0.975382
640 0.975382
641 0.975382
642 0.975382
643 0.975382
644 0.975382
645 0.975382
646 0.975382
647 0.975382
648 0.975382
649 0.975382
650 0.975382
651 0.975382
652 0.975382
653 0.975382
654 0.975382
655 0.975382
656 0.975382
657 0.975382
658 0.975382
659 0.975382
660 0.975382
661 0.975382
662 0.975382
663 0.975382
664 0.975382
665 0.975382
666 0.975382
667 0.975382
668 0.975382
669 0.975382
670 0.975382
671 0.975382
672 0.975382
673 0.975382
674 0.975382
675 0.975382
676 0.975382
677 0.975382
678 0.975382
679 0.975382
680 0.975382
681 0.975382
682 0.975382
683 0.975382
684 0.975382
685 0.975382
686 0.975382
687 0.975382
688 0.975382
689 0.975382
690 0.975382
691 0.975382
692 0.975382
693 0.975382
694 0.975382
695 0.975382
696 0.975382
697 0.975382
698 0.975382
699 0.975382
700 0.975382
701 0.975382
702 0.975382
703 0.975382
704 0.975382
705 0.975382
706 0.975382
707 0.975382
708 0.975382
709 0.975382
710 0.975382
711 0.975382
712 0.975382
713 0.975382
714 0.975382
715 0.975382
716 0.975382
717 0.975382
718 0.975382
719 0.975382
720 0.975382
721 0.975382
722 0.975382
723 0.975382
724 0.975382
725 0.975382
726 0.975382
727 0.975382
728 0.975382
729 0.975382
730 0.975382
731 0.975382
732 0.975382
733 0.975382
734 0.975382
735 0.975382
736 0.975382
737 0.975382
738 0.975382
739 0.975382
740 0.975382
741 0.975382
742 0.975382
743 0.975382
744 0.975382
745 0.975382
746 0.975382
747 0.975382
748 0.975382
749 0.975382
750 0.975382
751 0.975382
752 0.975382
753 0.975382
754 0.975382
755 0.975382
756 0.975382
757 0.975382
758 0.975382
759 0.975382
760 0.975382
761 0.975382
762 0.975382
763 0.975382
764 0.975382
765 0.975382
766 0.975382
767 0.975382
768 0.975382
769 0.975382
770 0.975382
771 0.975382
772 0.975382
773 0.975382
774 0.975382
775 0.975382
776 0.975382
777 0.975382
778 0.975382
779 0.975382
780 0.975382
781 0.975382
782 0.975382
783 0.975382
784 0.975382
785 0.975382
786 0.975382
787 0.975382
788 0.975382
789 0.975382
790 0.975382
791 0.975382
792 0.975382
793 0.975382
794 0.975382
795 0.975382
796 0.975382
797 0.975382
798 0.975382
799 0.975382
800 0.975382
801 0.975382
802 0.975382
803 0.975382
804 0.975382
805 0.975382
806 0.975382
807 0.975382
808 0.975382
809 0.975382
810 0.975382
811 0.975382
812 0.975382
813 0.975382
814 0.975382
815 0.975382
816 0.975382
817 0.975382
818 0.975382
819 0.975382
820 0.975382
821 0.975382
822 0.975382
823 0.975382
824 0.975382
825 0.975382
826 0.975382
827 0.975382
828 0.975382
829 0.975382
830 0.975382
831 0.975382
832 0.975382
833 0.975382
834 0.975382
835 0.975382
836 0.975382
837 0.975382
838 0.975382
839 0.975382
840 0.975382
841 0.975382
842 0.975382
843 0.975382
844 0.975382
845 0.975382
846 0.975382
847 0.975382
848 0.975382
849 0.975382
850 0.975382
851 0.975382
852 0.975382
853 0.975382
854 0.975382
855 0.975382
856 0.975382
857 0.975382
858 0.975382
859 0.975382
860 0.975382
861 0.975382
862 0.975382
863 0.975382
864 0.975382
865 0.975382
866 0.975382
867 0.975382
868 0.975382
869 0.975382
870 0.975382
871 0.975382
872 0.975382
873 0.975382
874 0.975382
875 0.975382
876 0.975382
877 0.975382
878 0.975382
879 0.975382
880 0.975382
881 0.975382
882 0.975382
883 0.975382
884 0.975382
885 0.975382
886 0.975382
887 0.975382
888 0.975382
889 0.975382
890 0.975382
891 0.975382
892 0.975382
893 0.975382
894 0.975382
895 0.975382
896 0.975382
897 0.975382
898 0.975382
899 0.975382
900 0.975382
901 0.975382
902 0.975382
903 0.975382
904 0.975382
905 0.975382
906 0.975382
907 0.975382
908 0.975382
909 0.975382
910 0.975382
911 0.975382
912 0.975382
913 0.975382
914 0.975382
915 0.975382
916 0.975382
917 0.975382
918 0.975382
919 0.975382
920 0.975382
921 0.975382
922 0.975382
923 0.975382
924 0.975382
925 0.975382
926 0.975382
927 0.975382
928 0.975382
929 0.975382
930 0.975382
931 0.975382
932 0.975382
933 0.975382
934 0.975382
935 0.975382
936 0.975382
937 0.975382
938 0.975382
939 0.975382
940 0.975382
941 0.975382
942 0.975382
943 0.975382
944 0.975382
945 0.975382
946 0.975382
947 0.975382
948 0.975382
949 0.975382
950 0.975382
951 0.975382
952 0.975382
953 0.975382
954 0.975382
955 0.975382
956 0.975382
957 0.975382
958 0.975382
959 0.975382
960 0.975382
961 0.975382
962 0.975382
963 0.975382
964 0.975382
965 0.975382
966 0.975382
967 0.975382
968 0.975382
969 0.975382
970 0.975382
971 0.975382
972 0.975382
973 0.975382
974 0.975382
975 0.975382
976 0.975382
977 0.975382
978 0.975382
979 0.975382
980 0.975382
981 0.975382
982 0.975382
983 0.975382
984 0.975382
985 0.975382
986 0.975382
987 0.975382
988 0.975382
989 0.975382
990 0.975382
991 0.975382
992 0.975382
993 0.975382
994 0.975382
995 0.975382
996 0.975382
997 0.975382
998 0.975382
999 0.975382
1000 0.975382
